#    6   58  Pure hydrogen grid                   Sun Sep  6 14:45:00 2015
# Teff  log g  M/Mo  Mbol     u      g      r      i      z    KG5     Age
  1500. 7.0  0.150 19.064 24.045 19.305 17.694 19.779 19.447 18.780 1.623E+10
  1750. 7.0  0.151 18.393 23.262 18.813 17.082 18.552 18.333 18.198 1.338E+10
  2000. 7.0  0.151 17.812 22.589 18.421 16.656 17.544 17.410 17.755 1.078E+10
  2250. 7.0  0.151 17.297 21.990 18.080 16.338 16.734 16.643 17.391 7.879E+09
  2500. 7.0  0.152 16.837 21.460 17.779 16.094 16.110 16.012 17.091 5.479E+09
  2750. 7.0  0.152 16.420 20.967 17.499 15.887 15.639 15.500 16.831 3.943E+09
  3000. 7.0  0.152 16.039 20.486 17.224 15.696 15.293 15.101 16.596 3.472E+09
  3250. 7.0  0.153 15.689 20.009 16.950 15.511 15.038 14.802 16.376 3.145E+09
  3500. 7.0  0.153 15.362 19.517 16.664 15.319 14.831 14.573 16.154 2.927E+09
  3750. 7.0  0.154 15.058 18.985 16.352 15.108 14.637 14.377 15.912 2.803E+09
  4000. 7.0  0.155 14.771 18.380 15.993 14.865 14.429 14.187 15.632 2.550E+09
  4250. 7.0  0.157 14.497 17.734 15.599 14.591 14.199 13.984 15.316 2.229E+09
  4500. 7.0  0.159 14.235 17.078 15.193 14.302 13.958 13.776 14.979 1.955E+09
  4750. 7.0  0.162 13.975 16.432 14.784 14.005 13.708 13.559 14.630 1.674E+09
  5000. 7.0  0.168 13.717 15.804 14.390 13.714 13.460 13.342 14.284 1.360E+09
  5250. 7.0  0.174 13.467 15.212 14.027 13.444 13.229 13.139 13.956 1.147E+09
  5500. 7.0  0.179 13.230 14.693 13.704 13.202 13.023 12.958 13.658 9.696E+08
  6000. 7.0  0.188 12.802 13.898 13.167 12.796 12.678 12.656 13.156 7.762E+08
  6500. 7.0  0.192 12.428 13.325 12.734 12.462 12.394 12.409 12.749 6.329E+08
  7000. 7.0  0.197 12.083 12.873 12.360 12.166 12.140 12.186 12.395 5.182E+08
  7500. 7.0  0.201 11.761 12.503 12.026 11.897 11.908 11.984 12.081 4.253E+08
  8000. 7.0  0.205 11.459 12.192 11.721 11.648 11.694 11.797 11.796 3.464E+08 
  8500. 7.0  0.209 11.174 11.924 11.438 11.415 11.493 11.624 11.534 2.836E+08
  9000. 7.0  0.213 10.906 11.687 11.173 11.197 11.305 11.464 11.291 2.318E+08
  9500. 7.0  0.217 10.652 11.473 10.928 10.996 11.134 11.319 11.066 1.878E+08
 10000. 7.0  0.220 10.411 11.280 10.712 10.820 10.986 11.195 10.868 1.524E+08
 10500. 7.0  0.223 10.185 11.114 10.534 10.680 10.870 11.097 10.705 1.239E+08
 11000. 7.0  0.226  9.969 10.980 10.398 10.576 10.785 11.024 10.580 9.931E+07
 11500. 7.0  0.229  9.763 10.868 10.292 10.497 10.720 10.966 10.482 7.990E+07
 12000. 7.0  0.231  9.566 10.743 10.186 10.415 10.650 10.904 10.380 6.589E+07
 12500. 7.0  0.234  9.376 10.609 10.083 10.332 10.577 10.837 10.278 5.545E+07
 13000. 7.0  0.237  9.194 10.476  9.986 10.253 10.506 10.771 10.179 4.702E+07
 13500. 7.0  0.239  9.018 10.347  9.896 10.177 10.438 10.708 10.085 3.995E+07
 14000. 7.0  0.242  8.848 10.223  9.810 10.105 10.372 10.646  9.995 3.464E+07
 14500. 7.0  0.244  8.684 10.103  9.728 10.035 10.309 10.586  9.909 2.999E+07
 15000. 7.0  0.247  8.525  9.988  9.650  9.968 10.247 10.528  9.827 2.620E+07
 15500. 7.0  0.250  8.372  9.878  9.576  9.903 10.187 10.471  9.747 2.306E+07
 16000. 7.0  0.252  8.223  9.773  9.504  9.841 10.129 10.416  9.670 2.034E+07
 16500. 7.0  0.254  8.079  9.671  9.435  9.780 10.073 10.363  9.596 1.805E+07
 17000. 7.0  0.257  7.939  9.574  9.369  9.722 10.018 10.312  9.525 1.600E+07
 20000. 7.0  0.270  7.180  9.059  9.009  9.403  9.720 10.029  9.137 7.439E+06
 25000. 7.0  0.288  6.141  8.378  8.510  8.955  9.299  9.628  8.598 2.546E+06
 30000. 7.0  0.304  5.291  7.778  8.049  8.535  8.899  9.244  8.102 1.096E+06
 35000. 7.0  0.320  4.566  7.306  7.669  8.176  8.550  8.901  7.695 5.757E+05
 40000. 7.0  0.338  3.925  7.000  7.405  7.925  8.303  8.657  7.418 3.166E+05
 45000. 7.0  0.353  3.368  6.782  7.213  7.741  8.122  8.478  7.218 1.857E+05
 50000. 7.0  0.366  2.869  6.607  7.056  7.589  7.973  8.330  7.055 1.156E+05
 55000. 7.0  0.379  2.417  6.458  6.920  7.457  7.842  8.200  6.915 7.754E+04
 60000. 7.0  0.394  1.999  6.320  6.793  7.334  7.720  8.079  6.784 5.576E+04
 65000. 7.0  0.411  1.605  6.187  6.668  7.212  7.600  7.959  6.657 4.709E+04
 70000. 7.0  0.430  1.233  6.058  6.546  7.094  7.482  7.842  6.533 4.410E+04
 75000. 7.0  0.452  0.879  5.930  6.425  6.975  7.364  7.724  6.409 3.458E+04
 80000. 7.0  0.472  0.552  5.815  6.316  6.867  7.258  7.618  6.298 2.808E+04
 85000. 7.0  0.489  0.251  5.714  6.219  6.773  7.164  7.525  6.200 2.660E+04
 90000. 7.0  0.506 -0.034  5.616  6.126  6.682  7.074  7.435  6.106 2.945E+04
100000. 7.0  0.543 -0.569  5.428  5.945  6.504  6.897  7.259  5.922 3.168E+04
110000. 7.0  0.576 -1.046  5.263  5.786  6.348  6.742  7.106  5.762 1.863E+04
120000. 7.0  0.582 -1.437  5.157  5.686  6.250  6.646  7.010  5.660 8.709E+03
  1500. 7.5  0.317 19.506 24.229 19.570 18.180 20.426 20.053 19.192 1.581E+10
  1750. 7.5  0.317 18.836 23.470 19.110 17.529 19.171 18.929 18.604 1.392E+10
  2000. 7.5  0.317 18.256 22.816 18.726 17.055 18.115 17.979 18.138 1.234E+10
  2250. 7.5  0.317 17.744 22.241 18.395 16.713 17.263 17.184 17.764 1.102E+10
  2500. 7.5  0.317 17.285 21.740 18.113 16.464 16.608 16.535 17.467 1.005E+10
  2750. 7.5  0.317 16.871 21.267 17.840 16.252 16.101 15.998 17.203 8.878E+09
  3000. 7.5  0.317 16.492 20.811 17.577 16.063 15.725 15.572 16.968 7.765E+09
  3250. 7.5  0.318 16.144 20.356 17.312 15.882 15.450 15.248 16.750 6.749E+09
  3500. 7.5  0.318 15.821 19.888 17.039 15.698 15.236 15.003 16.535 5.702E+09
  3750. 7.5  0.319 15.519 19.392 16.745 15.500 15.045 14.803 16.307 4.723E+09
  4000. 7.5  0.319 15.237 18.830 16.412 15.277 14.851 14.620 16.048 4.157E+09
  4250. 7.5  0.320 14.972 18.226 16.048 15.028 14.642 14.434 15.759 3.670E+09
  4500. 7.5  0.321 14.720 17.599 15.666 14.763 14.421 14.243 15.447 3.136E+09
  4750. 7.5  0.323 14.479 16.987 15.287 14.494 14.198 14.051 15.127 2.657E+09
  5000. 7.5  0.326 14.247 16.399 14.921 14.231 13.978 13.862 14.811 2.162E+09
  5250. 7.5  0.329 14.022 15.846 14.581 13.985 13.771 13.683 14.509 1.739E+09
  5500. 7.5  0.333 13.809 15.342 14.278 13.765 13.586 13.523 14.234 1.512E+09
  6000. 7.5  0.338 13.415 14.533 13.770 13.392 13.273 13.253 13.760 1.229E+09
  6500. 7.5  0.341 13.058 13.949 13.356 13.081 13.012 13.027 13.369 1.022E+09
  7000. 7.5  0.343 12.729 13.499 13.002 12.806 12.778 12.825 13.034 8.614E+08
  7500. 7.5  0.345 12.422 13.134 12.690 12.557 12.565 12.640 12.738 7.333E+08
  8000. 7.5  0.347 12.135 12.828 12.407 12.328 12.368 12.469 12.471 6.281E+08
  8500. 7.5  0.349 11.865 12.565 12.146 12.114 12.184 12.312 12.227 5.411E+08
  9000. 7.5  0.352 11.610 12.334 11.903 11.914 12.012 12.166 12.002 4.681E+08
  9500. 7.5  0.354 11.368 12.125 11.678 11.728 11.853 12.032 11.793 4.066E+08
 10000. 7.5  0.356 11.138 11.935 11.472 11.558 11.710 11.912 11.603 3.543E+08
 10500. 7.5  0.359 10.920 11.767 11.294 11.414 11.589 11.812 11.438 3.097E+08
 11000. 7.5  0.361 10.711 11.621 11.147 11.298 11.493 11.732 11.302 2.715E+08
 11500. 7.5  0.363 10.513 11.502 11.031 11.208 11.420 11.670 11.194 2.384E+08
 12000. 7.5  0.364 10.322 11.410 10.944 11.143 11.367 11.624 11.113 2.096E+08
 12500. 7.5  0.366 10.139 11.311 10.858 11.079 11.314 11.576 11.032 1.846E+08
 13000. 7.5  0.368  9.964 11.201 10.770 11.010 11.255 11.523 10.945 1.628E+08
 13500. 7.5  0.370  9.795 11.086 10.684 10.941 11.195 11.469 10.859 1.438E+08
 14000. 7.5  0.372  9.631 10.973 10.604 10.876 11.137 11.415 10.776 1.272E+08
 14500. 7.5  0.373  9.474 10.864 10.527 10.813 11.081 11.363 10.696 1.126E+08
 15000. 7.5  0.375  9.321 10.758 10.454 10.752 11.026 11.312 10.620 9.982E+07
 15500. 7.5  0.377  9.174 10.656 10.385 10.694 10.973 11.262 10.546 8.868E+07
 16000. 7.5  0.379  9.030 10.557 10.318 10.637 10.921 11.213 10.475 7.890E+07
 16500. 7.5  0.381  8.891 10.462 10.253 10.582 10.871 11.165 10.406 7.048E+07
 17000. 7.5  0.383  8.756 10.371 10.191 10.528 10.821 11.119 10.339 6.316E+07
 20000. 7.5  0.394  8.019  9.881  9.852 10.233 10.547 10.859  9.972 3.171E+07
 25000. 7.5  0.411  7.003  9.224  9.372  9.809 10.150 10.482  9.454 1.675E+07
 30000. 7.5  0.428  6.169  8.642  8.926  9.404  9.767 10.114  8.973 9.661E+06
 35000. 7.5  0.450  5.445  8.179  8.549  9.052  9.424  9.777  8.571 4.587E+06
 40000. 7.5  0.464  4.830  7.903  8.314  8.830  9.207  9.563  8.324 3.095E+06
 45000. 7.5  0.480  4.283  7.700  8.135  8.660  9.041  9.398  8.138 2.248E+06
 50000. 7.5  0.496  3.790  7.533  7.986  8.517  8.900  9.258  7.983 1.691E+06
 55000. 7.5  0.512  3.341  7.390  7.855  8.391  8.776  9.135  7.849 1.286E+06
 60000. 7.5  0.527  2.932  7.263  7.739  8.279  8.665  9.025  7.729 9.633E+05
 65000. 7.5  0.541  2.555  7.150  7.633  8.177  8.565  8.925  7.621 7.402E+05
 70000. 7.5  0.555  2.206  7.046  7.537  8.083  8.472  8.832  7.522 5.684E+05
 75000. 7.5  0.569  1.880  6.949  7.446  7.995  8.385  8.746  7.430 4.470E+05
 80000. 7.5  0.583  1.572  6.855  7.358  7.909  8.300  8.662  7.340 3.536E+05
 85000. 7.5  0.599  1.281  6.766  7.273  7.826  8.218  8.580  7.254 2.728E+05
 90000. 7.5  0.613  1.006  6.682  7.193  7.748  8.141  8.503  7.172 2.056E+05
100000. 7.5  0.639  0.503  6.529  7.047  7.606  8.000  8.363  7.024 1.241E+05
110000. 7.5  0.667  0.043  6.385  6.909  7.471  7.866  8.230  6.885 8.936E+04
120000. 7.5  0.699 -0.384  6.246  6.775  7.339  7.735  8.100  6.749 7.294E+04
  1500. 8.0  0.575 20.108 24.500 20.017 18.852 21.197 20.772 19.780 1.481E+10
  1750. 8.0  0.575 19.438 23.820 19.578 18.163 19.938 19.662 19.184 1.413E+10
  2000. 8.0  0.575 18.858 23.208 19.207 17.646 18.853 18.699 18.702 1.350E+10
  2250. 8.0  0.575 18.347 22.661 18.884 17.269 17.965 17.886 18.313 1.291E+10
  2500. 8.0  0.575 17.889 22.180 18.606 16.996 17.272 17.215 18.002 1.235E+10
  2750. 8.0  0.575 17.475 21.730 18.343 16.777 16.732 16.660 17.735 1.181E+10
  3000. 8.0  0.575 17.097 21.294 18.087 16.586 16.324 16.208 17.498 1.130E+10
  3250. 8.0  0.576 16.749 20.857 17.829 16.405 16.021 15.856 17.278 1.081E+10
  3500. 8.0  0.576 16.427 20.409 17.563 16.224 15.793 15.589 17.065 1.027E+10
  3750. 8.0  0.576 16.126 19.941 17.283 16.036 15.599 15.378 16.846 9.645E+09
  4000. 8.0  0.576 15.845 19.413 16.969 15.826 15.412 15.195 16.602 9.013E+09
  4250. 8.0  0.577 15.581 18.842 16.625 15.594 15.216 15.017 16.331 8.352E+09
  4500. 8.0  0.578 15.332 18.242 16.262 15.346 15.008 14.835 16.037 7.582E+09
  4750. 8.0  0.578 15.095 17.645 15.896 15.090 14.796 14.653 15.732 6.737E+09
  5000. 8.0  0.580 14.870 17.078 15.545 14.841 14.589 14.475 15.431 5.688E+09
  5250. 8.0  0.582 14.654 16.544 15.214 14.605 14.392 14.305 15.141 4.401E+09
  5500. 8.0  0.584 14.447 16.053 14.914 14.388 14.210 14.149 14.870 3.170E+09
  6000. 8.0  0.588 14.063 15.218 14.407 14.022 13.902 13.884 14.400 2.241E+09
  6500. 8.0  0.590 13.712 14.604 13.998 13.719 13.649 13.666 14.011 1.828E+09
  7000. 8.0  0.592 13.387 14.139 13.652 13.455 13.425 13.473 13.681 1.520E+09
  7500. 8.0  0.593 13.084 13.767 13.349 13.216 13.221 13.296 13.392 1.274E+09
  8000. 8.0  0.595 12.801 13.458 13.077 12.995 13.031 13.132 13.133 1.075E+09
  8500. 8.0  0.596 12.535 13.192 12.828 12.791 12.855 12.980 12.897 9.170E+08
  9000. 8.0  0.598 12.285 12.959 12.597 12.599 12.690 12.839 12.680 7.919E+08
  9500. 8.0  0.599 12.047 12.749 12.383 12.420 12.536 12.708 12.479 6.894E+08
 10000. 8.0  0.600 11.822 12.557 12.185 12.255 12.394 12.590 12.294 6.033E+08
 10500. 8.0  0.602 11.607 12.384 12.008 12.109 12.270 12.486 12.128 5.307E+08
 11000. 8.0  0.603 11.403 12.232 11.857 11.986 12.166 12.400 11.986 4.695E+08
 11500. 8.0  0.604 11.208 12.098 11.732 11.885 12.082 12.329 11.867 4.179E+08
 12000. 8.0  0.606 11.021 11.985 11.627 11.802 12.015 12.272 11.768 3.735E+08
 12500. 8.0  0.607 10.841 11.899 11.548 11.742 11.966 12.231 11.694 3.348E+08
 13000. 8.0  0.608 10.669 11.820 11.479 11.690 11.924 12.193 11.628 3.005E+08
 13500. 8.0  0.609 10.503 11.732 11.404 11.633 11.877 12.151 11.556 2.701E+08
 14000. 8.0  0.610 10.343 11.635 11.328 11.573 11.826 12.106 11.480 2.431E+08
 14500. 8.0  0.611 10.188 11.537 11.254 11.515 11.775 12.059 11.405 2.189E+08
 15000. 8.0  0.613 10.039 11.439 11.183 11.458 11.725 12.013 11.332 1.972E+08
 15500. 8.0  0.614  9.895 11.344 11.116 11.403 11.676 11.968 11.262 1.778E+08
 16000. 8.0  0.615  9.755 11.251 11.052 11.350 11.628 11.923 11.195 1.603E+08
 16500. 8.0  0.616  9.619 11.162 10.989 11.298 11.582 11.880 11.129 1.445E+08
 17000. 8.0  0.617  9.488 11.075 10.930 11.249 11.537 11.837 11.065 1.303E+08
 20000. 8.0  0.624  8.770 10.610 10.607 10.974 11.284 11.599 10.718 6.896E+07
 25000. 8.0  0.635  7.782  9.982 10.151 10.577 10.915 11.249 10.225 2.216E+07
 30000. 8.0  0.646  6.972  9.426  9.726 10.197 10.557 10.905  9.767 9.239E+06
 35000. 8.0  0.661  6.277  9.003  9.382  9.881 10.251 10.605  9.401 6.331E+06
 40000. 8.0  0.672  5.679  8.749  9.167  9.679 10.056 10.412  9.174 4.018E+06
 45000. 8.0  0.682  5.151  8.568  9.009  9.531  9.911 10.269  9.010 2.808E+06
 50000. 8.0  0.694  4.676  8.422  8.879  9.408  9.790 10.149  8.875 1.818E+06
 55000. 8.0  0.703  4.247  8.301  8.770  9.304  9.689 10.048  8.762 1.534E+06
 60000. 8.0  0.713  3.854  8.193  8.672  9.210  9.597  9.957  8.661 1.257E+06
 65000. 8.0  0.722  3.492  8.096  8.583  9.125  9.513  9.874  8.570 1.055E+06
 70000. 8.0  0.732  3.156  8.008  8.501  9.047  9.436  9.797  8.486 9.011E+05
 75000. 8.0  0.741  2.843  7.926  8.426  8.973  9.364  9.726  8.408 7.773E+05
 80000. 8.0  0.750  2.550  7.849  8.354  8.904  9.296  9.658  8.335 6.760E+05
 85000. 8.0  0.759  2.274  7.777  8.286  8.838  9.231  9.593  8.265 5.907E+05
 90000. 8.0  0.768  2.013  7.708  8.221  8.776  9.169  9.532  8.200 5.195E+05
100000. 8.0  0.785  1.530  7.579  8.099  8.658  9.052  9.416  8.076 4.023E+05
110000. 8.0  0.804  1.091  7.460  7.986  8.547  8.943  9.308  7.961 3.080E+05
120000. 8.0  0.824  0.686  7.347  7.877  8.441  8.838  9.203  7.850 2.342E+05
  1500. 8.5  0.908 20.862 24.911 20.648 19.709 22.113 21.604 20.545 1.210E+10
  1750. 8.5  0.908 20.192 24.298 20.206 18.969 20.826 20.527 19.925 1.199E+10
  2000. 8.5  0.908 19.612 23.725 19.830 18.394 19.713 19.540 19.413 1.187E+10
  2250. 8.5  0.908 19.101 23.231 19.532 18.001 18.823 18.732 19.028 1.172E+10
  2500. 8.5  0.908 18.643 22.770 19.254 17.698 18.101 18.049 18.701 1.156E+10
  2750. 8.5  0.908 18.229 22.342 18.998 17.461 17.531 17.481 18.424 1.139E+10
  3000. 8.5  0.908 17.851 21.926 18.748 17.262 17.088 17.008 18.181 1.123E+10
  3250. 8.5  0.908 17.503 21.508 18.497 17.079 16.755 16.628 17.958 1.106E+10
  3500. 8.5  0.908 17.182 21.079 18.239 16.900 16.505 16.335 17.745 1.088E+10
  3750. 8.5  0.908 16.882 20.634 17.969 16.718 16.303 16.108 17.532 1.068E+10
  4000. 8.5  0.909 16.601 20.143 17.673 16.521 16.120 15.919 17.302 1.040E+10
  4250. 8.5  0.909 16.338 19.604 17.347 16.303 15.932 15.744 17.046 1.004E+10
  4500. 8.5  0.909 16.089 19.027 16.999 16.068 15.736 15.570 16.767 9.676E+09
  4750. 8.5  0.909 15.854 18.448 16.647 15.826 15.535 15.396 16.477 9.230E+09
  5000. 8.5  0.910 15.631 17.891 16.304 15.586 15.336 15.224 16.185 8.708E+09
  5250. 8.5  0.910 15.418 17.365 15.979 15.355 15.144 15.059 15.902 8.025E+09
  5500. 8.5  0.911 15.215 16.884 15.681 15.142 14.965 14.906 15.636 7.072E+09
  6000. 8.5  0.913 14.835 16.044 15.169 14.774 14.656 14.639 15.164 5.244E+09
  6500. 8.5  0.914 14.486 15.392 14.758 14.475 14.404 14.422 14.773 4.428E+09
  7000. 8.5  0.915 14.163 14.905 14.416 14.218 14.187 14.236 14.445 3.793E+09
  7500. 8.5  0.916 13.863 14.521 14.120 13.987 13.990 14.065 14.159 3.261E+09
  8000. 8.5  0.916 13.582 14.205 13.856 13.775 13.808 13.907 13.905 2.791E+09
  8500. 8.5  0.917 13.318 13.935 13.615 13.578 13.637 13.760 13.675 2.377E+09
  9000. 8.5  0.918 13.068 13.699 13.394 13.393 13.477 13.622 13.464 2.018E+09
  9500. 8.5  0.919 12.833 13.487 13.189 13.219 13.326 13.493 13.269 1.706E+09
 10000. 8.5  0.919 12.609 13.293 12.998 13.057 13.186 13.374 13.087 1.435E+09
 10500. 8.5  0.920 12.396 13.115 12.822 12.909 13.058 13.267 12.920 1.205E+09
 11000. 8.5  0.921 12.193 12.955 12.668 12.780 12.947 13.174 12.773 1.037E+09
 11500. 8.5  0.922 12.000 12.814 12.537 12.671 12.856 13.097 12.647 9.044E+08
 12000. 8.5  0.922 11.814 12.688 12.425 12.580 12.779 13.031 12.539 8.015E+08
 12500. 8.5  0.923 11.636 12.577 12.328 12.502 12.714 12.976 12.445 7.237E+08
 13000. 8.5  0.924 11.465 12.487 12.249 12.440 12.663 12.932 12.369 6.551E+08
 13500. 8.5  0.924 11.300 12.417 12.188 12.393 12.624 12.899 12.310 5.927E+08
 14000. 8.5  0.925 11.141 12.346 12.127 12.346 12.586 12.865 12.252 5.365E+08
 14500. 8.5  0.926 10.988 12.268 12.062 12.296 12.544 12.828 12.188 4.871E+08
 15000. 8.5  0.926 10.840 12.185 11.995 12.244 12.500 12.789 12.122 4.439E+08
 15500. 8.5  0.927 10.697 12.099 11.929 12.192 12.456 12.748 12.055 4.060E+08
 16000. 8.5  0.927 10.558 12.014 11.866 12.140 12.411 12.707 11.990 3.723E+08
 16500. 8.5  0.928 10.424 11.929 11.804 12.091 12.367 12.667 11.926 3.419E+08
 17000. 8.5  0.929 10.294 11.847 11.745 12.043 12.324 12.627 11.864 3.145E+08
 20000. 8.5  0.932  9.584 11.397 11.427 11.776 12.082 12.399 11.524 1.966E+08
 25000. 8.5  0.938  8.608 10.785 10.978 11.392 11.727 12.063 11.042 9.664E+07
 30000. 8.5  0.944  7.810 10.244 10.562 11.024 11.381 11.730 10.594 4.695E+07
 35000. 8.5  0.954  7.128  9.843 10.234 10.727 11.095 11.449 10.247 2.478E+07
 40000. 8.5  0.960  6.541  9.608 10.033 10.541 10.916 11.272 10.036 9.758E+06
 45000. 8.5  0.966  6.023  9.440  9.887 10.405 10.784 11.142  9.884 4.045E+06
 50000. 8.5  0.972  5.559  9.308  9.770 10.295 10.677 11.036  9.762 2.016E+06
 55000. 8.5  0.977  5.140  9.197  9.670 10.202 10.586 10.946  9.660 1.256E+06
 60000. 8.5  0.982  4.756  9.100  9.583 10.119 10.505 10.866  9.570 9.136E+05
 65000. 8.5  0.987  4.403  9.014  9.504 10.044 10.432 10.794  9.489 7.222E+05
 70000. 8.5  0.992  4.076  8.936  9.432  9.976 10.365 10.727  9.415 6.018E+05
 75000. 8.5  0.997  3.770  8.863  9.365  9.912 10.302 10.665  9.347 5.129E+05
 80000. 8.5  1.002  3.485  8.796  9.303  9.853 10.244 10.607  9.283 4.510E+05
 85000. 8.5  1.006  3.217  8.733  9.245  9.797 10.189 10.553  9.223 4.114E+05
 90000. 8.5  1.011  2.964  8.674  9.189  9.743 10.137 10.501  9.167 3.859E+05
100000. 8.5  1.019  2.498  8.565  9.087  9.645 10.039 10.404  9.062 3.412E+05
110000. 8.5  1.025  2.077  8.467  8.995  9.556  9.952 10.317  8.969 2.569E+05
120000. 8.5  1.028  1.696  8.380  8.912  9.476  9.873 10.240  8.885 1.383E+05
  1500. 9.0  1.194 21.814 25.538 21.498 20.768 23.211 22.666 21.514 7.334E+09
  1750. 9.0  1.194 21.145 24.981 21.041 19.988 21.916 21.563 20.873 7.314E+09
  2000. 9.0  1.194 20.565 24.453 20.676 19.384 20.786 20.587 20.354 7.290E+09
  2250. 9.0  1.194 20.054 23.982 20.375 18.949 19.880 19.771 19.949 7.269E+09
  2500. 9.0  1.194 19.596 23.547 20.102 18.617 19.136 19.079 19.609 7.247E+09
  2750. 9.0  1.194 19.182 23.141 19.849 18.358 18.543 18.504 19.321 7.224E+09
  3000. 9.0  1.194 18.804 22.748 19.607 18.144 18.070 18.018 19.069 7.197E+09
  3250. 9.0  1.194 18.457 22.353 19.364 17.955 17.703 17.615 18.840 7.165E+09
  3500. 9.0  1.194 18.135 21.942 19.111 17.773 17.424 17.292 18.624 7.126E+09
  3750. 9.0  1.194 17.835 21.522 18.852 17.596 17.210 17.045 18.416 7.073E+09
  4000. 9.0  1.194 17.555 21.048 18.563 17.404 17.021 16.843 18.190 6.998E+09
  4250. 9.0  1.194 17.292 20.551 18.261 17.203 16.843 16.668 17.953 6.905E+09
  4500. 9.0  1.194 17.043 20.002 17.928 16.981 16.655 16.498 17.688 6.781E+09
  4750. 9.0  1.194 16.808 19.441 17.589 16.752 16.464 16.331 17.411 6.649E+09
  5000. 9.0  1.194 16.586 18.891 17.253 16.520 16.272 16.164 17.129 6.494E+09
  5250. 9.0  1.194 16.374 18.374 16.933 16.296 16.086 16.004 16.853 6.310E+09
  5500. 9.0  1.194 16.171 17.895 16.636 16.084 15.909 15.852 16.590 6.048E+09
  6000. 9.0  1.195 15.793 17.061 16.119 15.714 15.597 15.583 16.117 5.102E+09
  6500. 9.0  1.195 15.445 16.380 15.700 15.412 15.341 15.362 15.720 4.404E+09
  7000. 9.0  1.196 15.123 15.862 15.358 15.159 15.127 15.177 15.388 4.003E+09
  7500. 9.0  1.196 14.823 15.461 15.066 14.936 14.937 15.013 15.105 3.677E+09
  8000. 9.0  1.196 14.543 15.135 14.809 14.731 14.761 14.860 14.855 3.386E+09
  8500. 9.0  1.196 14.279 14.861 14.576 14.541 14.596 14.718 14.629 3.113E+09
  9000. 9.0  1.196 14.031 14.622 14.363 14.362 14.441 14.583 14.423 2.864E+09
  9500. 9.0  1.197 13.796 14.408 14.166 14.195 14.294 14.457 14.233 2.643E+09
 10000. 9.0  1.197 13.573 14.213 13.981 14.037 14.156 14.339 14.055 2.444E+09
 10500. 9.0  1.197 13.361 14.033 13.810 13.889 14.027 14.229 13.889 2.260E+09
 11000. 9.0  1.197 13.159 13.868 13.654 13.755 13.911 14.131 13.739 2.089E+09
 11500. 9.0  1.197 12.965 13.719 13.518 13.639 13.811 14.046 13.606 1.933E+09
 12000. 9.0  1.198 12.780 13.586 13.400 13.541 13.727 13.974 13.491 1.793E+09
 12500. 9.0  1.198 12.603 13.466 13.298 13.456 13.655 13.912 13.390 1.665E+09
 13000. 9.0  1.198 12.432 13.357 13.207 13.382 13.592 13.857 13.300 1.546E+09
 13500. 9.0  1.198 12.268 13.263 13.127 13.318 13.538 13.811 13.222 1.434E+09
 14000. 9.0  1.199 12.110 13.187 13.063 13.267 13.496 13.774 13.159 1.330E+09
 14500. 9.0  1.199 11.957 13.125 13.011 13.225 13.462 13.744 13.108 1.232E+09
 15000. 9.0  1.199 11.810 13.063 12.958 13.184 13.428 13.714 13.056 1.142E+09
 15500. 9.0  1.199 11.667 12.995 12.902 13.140 13.391 13.682 13.000 1.059E+09
 16000. 9.0  1.199 11.529 12.923 12.843 13.094 13.353 13.648 12.942 9.812E+08
 16500. 9.0  1.200 11.395 12.849 12.784 13.047 13.313 13.612 12.883 9.086E+08
 17000. 9.0  1.200 11.266 12.774 12.726 13.001 13.273 13.576 12.824 8.403E+08
 20000. 9.0  1.201 10.558 12.340 12.407 12.739 13.038 13.357 12.489 5.130E+08
 25000. 9.0  1.204  9.587 11.737 11.959 12.360 12.690 13.027 12.010 2.528E+08
 30000. 9.0  1.206  8.794 11.205 11.543 11.996 12.349 12.699 11.566 1.489E+08
 35000. 9.0  1.205  8.125 10.830 11.231 11.719 12.085 12.440 11.239 1.116E+08
 40000. 9.0  1.208  7.543 10.604 11.037 11.542 11.914 12.271 11.037 7.077E+07
 45000. 9.0  1.210  7.029 10.444 10.897 11.413 11.789 12.148 10.891 4.614E+07
 50000. 9.0  1.212  6.570 10.318 10.786 11.309 11.689 12.049 10.776 2.818E+07
 55000. 9.0  1.214  6.154 10.213 10.691 11.220 11.603 11.964 10.678 1.438E+07
 60000. 9.0  1.217  5.774 10.121 10.608 11.142 11.527 11.889 10.593 5.487E+06
 65000. 9.0  1.220  5.423 10.039 10.533 11.072 11.458 11.821 10.516 1.821E+06
 70000. 9.0  1.222  5.099  9.965 10.465 11.007 11.396 11.759 10.446 9.915E+05
 75000. 9.0  1.224  4.798  9.898 10.403 10.949 11.338 11.702 10.383 7.257E+05
 80000. 9.0  1.226  4.516  9.835 10.345 10.894 11.284 11.648 10.324 5.943E+05
 85000. 9.0  1.228  4.251  9.777 10.291 10.842 11.234 11.598 10.268 4.901E+05
 90000. 9.0  1.229  4.002  9.722 10.240 10.793 11.186 11.551 10.216 3.598E+05
100000. 9.0  1.227  3.546  9.626 10.150 10.708 11.102 11.468 10.125 8.610E+04
110000. 9.0  1.215  3.143  9.548 10.078 10.639 11.035 11.401 10.051 4.321E+03
120000. 9.0  1.192  2.785  9.487 10.021 10.585 10.982 11.350  9.993 5.699E+01
  1500. 9.5  1.365 22.919 26.331 22.522 21.970 24.432 23.818 22.634 3.500E+09
  1750. 9.5  1.365 22.250 25.809 22.032 21.162 23.135 22.726 21.970 3.499E+09
  2000. 9.5  1.365 21.670 25.322 21.670 20.537 22.024 21.798 21.448 3.489E+09
  2250. 9.5  1.365 21.158 24.876 21.369 20.065 21.091 20.960 21.026 3.475E+09
  2500. 9.5  1.365 20.701 24.461 21.099 19.705 20.331 20.261 20.676 3.463E+09
  2750. 9.5  1.365 20.287 24.079 20.853 19.428 19.721 19.680 20.381 3.454E+09
  3000. 9.5  1.365 19.909 23.705 20.613 19.195 19.220 19.184 20.117 3.449E+09
  3250. 9.5  1.365 19.561 23.333 20.376 18.991 18.823 18.766 19.880 3.444E+09
  3500. 9.5  1.365 19.239 22.950 20.134 18.805 18.514 18.420 19.660 3.440E+09
  3750. 9.5  1.365 18.940 22.551 19.884 18.625 18.275 18.145 19.450 3.438E+09
  4000. 9.5  1.365 18.660 22.112 19.612 18.442 18.080 17.928 19.234 3.436E+09
  4250. 9.5  1.365 18.396 21.642 19.322 18.249 17.902 17.745 19.006 3.435E+09
  4500. 9.5  1.365 18.148 21.120 19.004 18.039 17.721 17.576 18.755 3.435E+09
  4750. 9.5  1.365 17.913 20.579 18.676 17.821 17.539 17.413 18.491 3.410E+09
  5000. 9.5  1.365 17.690 20.043 18.351 17.600 17.355 17.252 18.220 3.347E+09
  5250. 9.5  1.365 17.478 19.533 18.036 17.382 17.174 17.096 17.951 3.277E+09
  5500. 9.5  1.365 17.276 19.053 17.740 17.174 17.001 16.946 17.691 3.210E+09
  6000. 9.5  1.365 16.899 18.221 17.219 16.802 16.688 16.676 17.219 3.036E+09
  6500. 9.5  1.365 16.551 17.529 16.791 16.495 16.426 16.450 16.815 2.621E+09
  7000. 9.5  1.365 16.229 16.978 16.443 16.242 16.210 16.262 16.477 2.450E+09
  7500. 9.5  1.365 15.929 16.552 16.152 16.023 16.023 16.101 16.192 2.319E+09
  8000. 9.5  1.366 15.649 16.214 15.900 15.826 15.854 15.954 15.944 2.187E+09
  8500. 9.5  1.366 15.385 15.933 15.675 15.644 15.695 15.816 15.723 2.080E+09
  9000. 9.5  1.366 15.137 15.690 15.469 15.472 15.546 15.686 15.521 1.994E+09
  9500. 9.5  1.366 14.902 15.475 15.279 15.311 15.404 15.564 15.335 1.910E+09
 10000. 9.5  1.366 14.679 15.280 15.102 15.158 15.269 15.448 15.162 1.825E+09
 10500. 9.5  1.366 14.468 15.099 14.936 15.013 15.142 15.338 15.000 1.747E+09
 11000. 9.5  1.366 14.265 14.932 14.782 14.878 15.023 15.236 14.849 1.685E+09
 11500. 9.5  1.366 14.072 14.778 14.641 14.756 14.916 15.145 14.712 1.632E+09
 12000. 9.5  1.366 13.887 14.639 14.519 14.651 14.825 15.066 14.590 1.579E+09
 12500. 9.5  1.366 13.710 14.514 14.411 14.559 14.746 14.998 14.483 1.522E+09
 13000. 9.5  1.366 13.540 14.399 14.315 14.479 14.677 14.938 14.388 1.463E+09
 13500. 9.5  1.366 13.376 14.293 14.228 14.407 14.615 14.884 14.301 1.406E+09
 14000. 9.5  1.366 13.218 14.198 14.150 14.343 14.560 14.836 14.222 1.356E+09
 14500. 9.5  1.366 13.065 14.115 14.082 14.288 14.513 14.794 14.154 1.312E+09
 15000. 9.5  1.366 12.918 14.046 14.025 14.242 14.475 14.761 14.097 1.271E+09
 15500. 9.5  1.366 12.776 13.990 13.979 14.204 14.444 14.733 14.051 1.231E+09
 16000. 9.5  1.366 12.638 13.935 13.933 14.168 14.413 14.707 14.005 1.191E+09
 16500. 9.5  1.367 12.504 13.877 13.885 14.129 14.381 14.678 13.957 1.150E+09
 17000. 9.5  1.367 12.374 13.815 13.834 14.089 14.347 14.648 13.906 1.110E+09
 20000. 9.5  1.367 11.668 13.413 13.522 13.837 14.127 14.447 13.586 9.368E+08
 25000. 9.5  1.368 10.698 12.818 13.070 13.458 13.782 14.121 13.107 6.892E+08
 30000. 9.5  1.369  9.906 12.292 12.650 13.096 13.444 13.795 12.664 3.744E+08
 35000. 9.5  1.461  9.166 11.860 12.272 12.756 13.118 13.473 12.274 5.502E+08
 40000. 9.5  1.461  8.586 11.642 12.083 12.585 12.954 13.312 12.078 6.405E+08
 45000. 9.5  1.460  8.075 11.487 11.947 12.459 12.834 13.193 11.937 5.451E+08
 50000. 9.5  1.460  7.617 11.365 11.838 12.359 12.737 13.097 11.825 3.184E+08
 55000. 9.5  1.461  7.203 11.263 11.746 12.273 12.654 13.015 11.730 1.167E+08
 60000. 9.5  1.461  6.825 11.174 11.665 12.198 12.581 12.944 11.648 2.443E+07
 65000. 9.5  1.463  6.475 11.094 11.592 12.129 12.514 12.877 11.573 4.000E+06
 70000. 9.5  1.463  6.153 11.023 11.527 12.068 12.455 12.819 11.506 1.566E+06
 75000. 9.5  1.462  5.855 10.959 11.468 12.013 12.401 12.765 11.446 9.878E+05
 80000. 9.5  1.462  5.575 10.900 11.412 11.960 12.350 12.715 11.389 7.476E+05
 85000. 9.5  1.461  5.312 10.844 11.361 11.911 12.302 12.668 11.337 5.774E+05
 90000. 9.5  1.459  5.065 10.794 11.314 11.867 12.259 12.625 11.289 3.708E+05
100000. 9.5  1.445  4.619 10.708 11.234 11.792 12.186 12.552 11.208 3.709E+04
110000. 9.5  1.410  4.231 10.648 11.179 11.740 12.136 12.503 11.151 1.428E+02
120000. 9.5  1.353  3.898 10.613 11.149 11.713 12.110 12.478 11.120 1.314E-02