    5   48  Pure helium grid                     Sun Sep  6 14:45:00 2015
 Teff  log g  M/Mo  Mbol     u      g      r      i      z    KG5     Age
  3500. 7.0  0.150 15.387 21.199 18.210 16.350 15.462 14.939 17.238 2.902E+09
  3750. 7.0  0.151 15.083 20.178 17.440 15.765 14.998 14.566 16.637 2.792E+09
  4000. 7.0  0.151 14.797 19.241 16.739 15.243 14.591 14.242 16.089 2.489E+09
  4250. 7.0  0.152 14.526 18.355 16.087 14.774 14.232 13.960 15.583 2.193E+09
  4500. 7.0  0.153 14.271 17.530 15.500 14.369 13.930 13.725 15.128 1.955E+09
  4750. 7.0  0.155 14.026 16.748 14.970 14.017 13.670 13.522 14.714 1.737E+09
  5000. 7.0  0.157 13.791 16.053 14.516 13.719 13.445 13.344 14.349 1.546E+09
  5250. 7.0  0.159 13.564 15.449 14.129 13.461 13.246 13.181 14.025 1.376E+09
  5500. 7.0  0.161 13.344 14.931 13.794 13.232 13.064 13.029 13.734 1.226E+09
  6000. 7.0  0.167 12.930 14.097 13.243 12.839 12.743 12.754 13.235 9.877E+08
  6500. 7.0  0.171 12.556 13.472 12.802 12.508 12.465 12.514 12.821 8.250E+08
  7000. 7.0  0.175 12.208 12.973 12.430 12.217 12.215 12.293 12.465 6.926E+08
  7500. 7.0  0.180 11.881 12.551 12.102 11.952 11.984 12.086 12.147 5.817E+08
  8000. 7.0  0.184 11.574 12.179 11.810 11.714 11.775 11.899 11.861 4.898E+08
  8500. 7.0  0.189 11.283 11.847 11.548 11.502 11.588 11.731 11.604 4.142E+08
  9000. 7.0  0.194 11.007 11.548 11.313 11.311 11.421 11.580 11.371 3.520E+08
  9500. 7.0  0.199 10.745 11.279 11.101 11.139 11.269 11.444 11.159 3.010E+08
 10000. 7.0  0.202 10.503 11.042 10.914 10.988 11.137 11.324 10.973 2.601E+08
 11000. 7.0  0.208 10.058 10.637 10.592 10.727 10.906 11.117 10.649 1.995E+08
 12000. 7.0  0.214  9.653 10.300 10.316 10.501 10.706 10.935 10.372 1.551E+08
 13000. 7.0  0.219  9.279 10.012 10.071 10.296 10.523 10.768 10.126 1.219E+08
 14000. 7.0  0.224  8.933  9.762  9.848 10.105 10.351 10.609  9.904 9.653E+07
 15000. 7.0  0.229  8.609  9.544  9.643  9.926 10.189 10.458  9.702 7.714E+07
 16000. 7.0  0.234  8.306  9.354  9.460  9.764 10.040 10.316  9.522 6.245E+07
 17000. 7.0  0.238  8.021  9.190  9.299  9.622  9.909 10.191  9.365 5.145E+07
 18000. 7.0  0.238  7.773  9.066  9.180  9.519  9.816 10.102  9.248 6.029E+07
 19000. 7.0  0.243  7.518  8.942  9.062  9.416  9.722 10.012  9.132 5.224E+07
 20000. 7.0  0.247  7.275  8.846  8.972  9.339  9.652  9.944  9.043 4.561E+07
 21000. 7.0  0.252  7.042  8.792  8.919  9.292  9.609  9.903  8.991 4.009E+07
 22000. 7.0  0.257  6.820  8.744  8.873  9.252  9.570  9.864  8.947 3.545E+07
 23000. 7.0  0.261  6.608  8.679  8.815  9.201  9.521  9.816  8.888 3.153E+07
 24000. 7.0  0.266  6.403  8.588  8.737  9.132  9.456  9.753  8.808 2.819E+07
 25000. 7.0  0.271  6.206  8.486  8.652  9.057  9.385  9.686  8.720 2.532E+07
 26000. 7.0  0.276  6.016  8.386  8.569  8.984  9.316  9.620  8.634 2.284E+07
 27000. 7.0  0.281  5.833  8.288  8.488  8.911  9.248  9.554  8.550 2.069E+07
 28000. 7.0  0.286  5.656  8.194  8.410  8.841  9.181  9.490  8.468 1.881E+07
 29000. 7.0  0.291  5.485  8.102  8.334  8.772  9.115  9.428  8.388 1.716E+07
 30000. 7.0  0.296  5.319  8.012  8.259  8.704  9.050  9.366  8.310 1.571E+07
 31000. 7.0  0.301  5.158  7.924  8.186  8.637  8.986  9.304  8.234 1.442E+07
 32000. 7.0  0.306  5.002  7.838  8.114  8.571  8.923  9.244  8.158 1.328E+07
 33000. 7.0  0.311  4.851  7.753  8.043  8.506  8.861  9.184  8.084 1.225E+07
 34000. 7.0  0.316  4.704  7.670  7.972  8.441  8.799  9.125  8.010 1.134E+07
 35000. 7.0  0.321  4.561  7.588  7.903  8.377  8.737  9.066  7.938 1.052E+07
 36000. 7.0  0.326  4.421  7.506  7.833  8.313  8.676  9.007  7.865 9.777E+06
 37000. 7.0  0.331  4.286  7.425  7.764  8.249  8.615  8.948  7.793 9.107E+06
 38000. 7.0  0.336  4.154  7.343  7.693  8.185  8.553  8.888  7.719 8.500E+06
 39000. 7.0  0.341  4.026  7.259  7.622  8.119  8.490  8.828  7.645 7.947E+06
 40000. 7.0  0.346  3.900  7.174  7.548  8.051  8.425  8.766  7.568 7.443E+06
  3500. 7.5  0.313 15.839 21.042 18.235 16.574 15.818 15.380 17.445 5.306E+09
  3750. 7.5  0.313 15.538 20.075 17.528 16.043 15.393 15.030 16.888 4.366E+09
  4000. 7.5  0.313 15.257 19.208 16.900 15.581 15.025 14.728 16.390 3.845E+09
  4250. 7.5  0.314 14.992 18.413 16.334 15.171 14.701 14.464 15.938 3.428E+09
  4500. 7.5  0.314 14.743 17.672 15.817 14.806 14.416 14.233 15.523 3.027E+09
  4750. 7.5  0.315 14.506 16.989 15.358 14.489 14.172 14.036 15.149 2.641E+09
  5000. 7.5  0.316 14.281 16.361 14.949 14.213 13.959 13.864 14.810 2.337E+09
  5250. 7.5  0.316 14.066 15.816 14.599 13.976 13.773 13.711 14.512 2.079E+09
  5500. 7.5  0.317 13.860 15.348 14.295 13.765 13.605 13.571 14.244 1.829E+09
  6000. 7.5  0.321 13.470 14.595 13.786 13.396 13.303 13.314 13.779 1.319E+09
  6500. 7.5  0.323 13.114 14.008 13.372 13.087 13.045 13.092 13.390 1.062E+09
  7000. 7.5  0.325 12.786 13.541 13.022 12.816 12.814 12.891 13.056 8.905E+08
  7500. 7.5  0.327 12.480 13.145 12.715 12.571 12.603 12.705 12.758 7.556E+08
  8000. 7.5  0.329 12.194 12.798 12.441 12.350 12.411 12.535 12.491 6.466E+08
  8500. 7.5  0.331 11.924 12.490 12.198 12.153 12.241 12.383 12.252 5.572E+08
  9000. 7.5  0.333 11.669 12.212 11.981 11.980 12.090 12.249 12.038 4.830E+08
  9500. 7.5  0.335 11.427 11.963 11.787 11.825 11.955 12.130 11.845 4.207E+08
 10000. 7.5  0.337 11.198 11.739 11.612 11.686 11.835 12.022 11.671 3.679E+08
 11000. 7.5  0.341 10.773 11.353 11.309 11.445 11.623 11.834 11.366 2.838E+08
 12000. 7.5  0.344 10.385 11.032 11.053 11.238 11.442 11.670 11.107 2.207E+08
 13000. 7.5  0.347 10.028 10.760 10.827 11.052 11.278 11.522 10.880 1.723E+08
 14000. 7.5  0.350  9.697 10.524 10.623 10.880 11.124 11.381 10.676 1.355E+08
 15000. 7.5  0.353  9.388 10.318 10.436 10.718 10.977 11.245 10.489 1.072E+08
 16000. 7.5  0.356  9.098 10.137 10.264 10.566 10.838 11.114 10.320 8.556E+07
 17000. 7.5  0.359  8.825  9.979 10.112 10.430 10.713 10.994 10.170 6.913E+07
 18000. 7.5  0.363  8.567  9.840  9.980 10.313 10.604 10.890 10.040 5.662E+07
 19000. 7.5  0.366  8.322  9.718  9.866 10.213 10.512 10.802  9.927 4.696E+07
 20000. 7.5  0.369  8.090  9.614  9.771 10.131 10.437 10.731  9.832 3.945E+07
 21000. 7.5  0.372  7.868  9.536  9.699 10.070 10.381 10.679  9.761 3.588E+07
 22000. 7.5  0.376  7.657  9.491  9.658 10.034 10.349 10.647  9.719 3.237E+07
 23000. 7.5  0.379  7.454  9.454  9.623 10.004 10.321 10.620  9.685 2.719E+07
 24000. 7.5  0.382  7.261  9.406  9.581  9.968 10.287 10.588  9.643 2.298E+07
 25000. 7.5  0.385  7.075  9.339  9.523  9.918 10.241 10.544  9.584 1.987E+07
 26000. 7.5  0.388  6.897  9.261  9.457  9.862 10.189 10.495  9.516 1.748E+07
 27000. 7.5  0.391  6.725  9.178  9.389  9.803 10.134 10.443  9.445 1.554E+07
 28000. 7.5  0.393  6.559  9.097  9.322  9.745 10.080 10.392  9.376 1.393E+07
 29000. 7.5  0.396  6.399  9.018  9.257  9.687 10.027 10.342  9.308 1.256E+07
 30000. 7.5  0.399  6.245  8.940  9.194  9.631  9.974 10.291  9.242 1.136E+07
 31000. 7.5  0.401  6.097  8.867  9.134  9.578  9.924 10.244  9.179 1.864E+07
 32000. 7.5  0.404  5.951  8.793  9.073  9.524  9.873 10.195  9.115 1.743E+07
 33000. 7.5  0.407  5.810  8.719  9.013  9.469  9.821 10.146  9.051 1.632E+07
 34000. 7.5  0.410  5.672  8.647  8.953  9.415  9.770 10.097  8.989 1.531E+07
 35000. 7.5  0.413  5.539  8.576  8.895  9.362  9.719 10.049  8.927 1.438E+07
 36000. 7.5  0.417  5.404  8.502  8.832  9.305  9.665  9.996  8.861 1.331E+07
 37000. 7.5  0.420  5.277  8.432  8.773  9.252  9.614  9.948  8.800 1.253E+07
 38000. 7.5  0.423  5.154  8.362  8.714  9.198  9.563  9.899  8.738 1.183E+07
 39000. 7.5  0.426  5.033  8.291  8.655  9.144  9.512  9.850  8.676 1.119E+07
 40000. 7.5  0.429  4.915  8.219  8.593  9.088  9.459  9.799  8.612 1.059E+07
  3500. 8.0  0.569 16.440 21.034 18.511 17.047 16.384 15.993 17.884 9.361E+09
  3750. 8.0  0.569 16.140 20.143 17.863 16.555 15.982 15.657 17.358 8.876E+09
  4000. 8.0  0.569 15.859 19.336 17.283 16.121 15.630 15.363 16.885 8.345E+09
  4250. 8.0  0.569 15.596 18.610 16.767 15.739 15.320 15.105 16.459 7.750E+09
  4500. 8.0  0.570 15.347 17.955 16.306 15.401 15.047 14.878 16.073 7.165E+09
  4750. 8.0  0.570 15.112 17.356 15.892 15.101 14.806 14.677 15.722 6.606E+09
  5000. 8.0  0.570 14.888 16.808 15.520 14.835 14.593 14.501 15.402 5.978E+09
  5250. 8.0  0.571 14.675 16.317 15.190 14.601 14.405 14.345 15.113 5.022E+09
  5500. 8.0  0.572 14.472 15.887 14.900 14.393 14.237 14.203 14.854 3.958E+09
  6000. 8.0  0.573 14.090 15.185 14.412 14.033 13.940 13.950 14.405 2.548E+09
  6500. 8.0  0.575 13.740 14.623 14.009 13.729 13.687 13.733 14.026 1.993E+09
  7000. 8.0  0.576 13.416 14.167 13.665 13.462 13.460 13.536 13.697 1.649E+09
  7500. 8.0  0.577 13.114 13.778 13.362 13.222 13.255 13.356 13.405 1.394E+09
  8000. 8.0  0.578 12.832 13.437 13.092 13.005 13.067 13.190 13.141 1.185E+09
  8500. 8.0  0.579 12.567 13.133 12.850 12.809 12.897 13.040 12.904 1.012E+09
  9000. 8.0  0.580 12.317 12.862 12.635 12.636 12.746 12.906 12.692 8.703E+08
  9500. 8.0  0.581 12.080 12.617 12.444 12.483 12.613 12.788 12.502 7.558E+08
 10000. 8.0  0.582 11.855 12.397 12.272 12.346 12.495 12.682 12.330 6.615E+08
 11000. 8.0  0.584 11.437 12.018 11.975 12.111 12.289 12.499 12.032 5.143E+08
 12000. 8.0  0.586 11.056 11.702 11.726 11.912 12.114 12.343 11.780 4.060E+08
 13000. 8.0  0.588 10.705 11.435 11.509 11.735 11.959 12.203 11.560 3.247E+08
 14000. 8.0  0.590 10.380 11.205 11.315 11.573 11.815 12.072 11.365 2.617E+08
 15000. 8.0  0.592 10.077 11.003 11.138 11.421 11.678 11.945 11.187 2.121E+08
 16000. 8.0  0.594  9.793 10.826 10.974 11.277 11.546 11.821 11.024 1.726E+08
 17000. 8.0  0.595  9.527 10.669 10.826 11.143 11.422 11.703 10.877 1.410E+08
 18000. 8.0  0.597  9.276 10.532 10.696 11.026 11.312 11.598 10.748 1.153E+08
 19000. 8.0  0.599  9.038 10.410 10.583 10.926 11.218 11.508 10.635 9.396E+07
 20000. 8.0  0.600  8.812 10.303 10.487 10.841 11.141 11.434 10.538 7.631E+07
 21000. 8.0  0.602  8.597 10.213 10.406 10.772 11.077 11.374 10.457 6.169E+07
 22000. 8.0  0.604  8.392 10.143 10.345 10.720 11.030 11.330 10.395 4.965E+07
 23000. 8.0  0.606  8.195 10.101 10.308 10.689 11.002 11.304 10.358 3.990E+07
 24000. 8.0  0.607  8.007 10.069 10.279 10.664 10.979 11.283 10.330 3.212E+07
 25000. 8.0  0.609  7.827 10.031 10.246 10.636 10.953 11.258 10.296 2.601E+07
 26000. 8.0  0.611  7.653  9.980 10.202 10.599 10.920 11.227 10.251 2.128E+07
 27000. 8.0  0.613  7.486  9.919 10.150 10.555 10.880 11.190 10.198 1.762E+07
 28000. 8.0  0.614  7.325  9.852 10.094 10.507 10.837 11.149 10.140 1.478E+07
 29000. 8.0  0.616  7.170  9.783 10.035 10.458 10.792 11.107 10.080 1.259E+07
 30000. 8.0  0.618  7.020  9.712  9.978 10.407 10.746 11.064 10.020 1.083E+07
 31000. 8.0  0.618  6.877  9.646  9.924 10.361 10.702 11.023  9.964 1.396E+07
 32000. 8.0  0.620  6.736  9.578  9.868 10.311 10.656 10.979  9.905 1.277E+07
 33000. 8.0  0.621  6.600  9.511  9.813 10.263 10.611 10.936  9.848 1.176E+07
 34000. 8.0  0.623  6.467  9.444  9.759 10.215 10.565 10.893  9.791 1.090E+07
 35000. 8.0  0.624  6.339  9.380  9.706 10.167 10.521 10.851  9.735 1.016E+07
 36000. 8.0  0.626  6.213  9.316  9.653 10.120 10.476 10.808  9.680 9.505E+06
 37000. 8.0  0.628  6.092  9.253  9.601 10.073 10.432 10.766  9.625 8.936E+06
 38000. 8.0  0.629  5.973  9.191  9.549 10.027 10.388 10.724  9.570 8.435E+06
 39000. 8.0  0.631  5.857  9.129  9.497  9.980 10.343 10.682  9.515 7.990E+06
 40000. 8.0  0.633  5.745  9.066  9.444  9.932 10.299 10.639  9.460 7.592E+06
  3500. 8.5  0.898 17.194 21.343 19.086 17.751 17.134 16.763 18.555 8.525E+09
  3750. 8.5  0.898 16.894 20.505 18.467 17.274 16.740 16.432 18.041 8.343E+09
  4000. 8.5  0.898 16.614 19.752 17.918 16.856 16.396 16.142 17.582 8.140E+09
  4250. 8.5  0.898 16.350 19.078 17.430 16.487 16.093 15.887 17.169 7.909E+09
  4500. 8.5  0.899 16.102 18.477 16.996 16.160 15.825 15.661 16.797 7.657E+09
  4750. 8.5  0.899 15.867 17.945 16.609 15.867 15.583 15.458 16.460 7.371E+09
  5000. 8.5  0.899 15.644 17.443 16.256 15.607 15.372 15.280 16.150 7.083E+09
  5250. 8.5  0.899 15.432 16.999 15.942 15.374 15.182 15.120 15.870 6.755E+09
  5500. 8.5  0.899 15.230 16.599 15.660 15.166 15.011 14.976 15.616 6.296E+09
  6000. 8.5  0.900 14.851 15.929 15.180 14.806 14.713 14.722 15.173 5.283E+09
  6500. 8.5  0.900 14.503 15.381 14.780 14.504 14.461 14.506 14.797 4.383E+09
  7000. 8.5  0.901 14.180 14.931 14.439 14.238 14.236 14.311 14.470 3.693E+09
  7500. 8.5  0.901 13.880 14.545 14.139 14.002 14.034 14.135 14.181 3.180E+09
  8000. 8.5  0.902 13.599 14.206 13.871 13.788 13.850 13.973 13.920 2.744E+09
  8500. 8.5  0.902 13.335 13.904 13.630 13.594 13.682 13.824 13.684 2.361E+09
  9000. 8.5  0.903 13.087 13.634 13.414 13.419 13.529 13.688 13.471 2.023E+09
  9500. 8.5  0.903 12.851 13.391 13.221 13.263 13.394 13.568 13.279 1.726E+09
 10000. 8.5  0.903 12.628 13.172 13.049 13.125 13.274 13.461 13.107 1.467E+09
 11000. 8.5  0.904 12.213 12.795 12.753 12.889 13.068 13.278 12.809 1.055E+09
 12000. 8.5  0.905 11.834 12.481 12.505 12.693 12.895 13.124 12.559 8.196E+08
 13000. 8.5  0.906 11.485 12.215 12.293 12.521 12.743 12.987 12.343 6.675E+08
 14000. 8.5  0.907 11.163 11.986 12.104 12.366 12.605 12.862 12.152 5.520E+08
 15000. 8.5  0.908 10.862 11.786 11.934 12.220 12.475 12.742 11.980 4.591E+08
 16000. 8.5  0.908 10.581 11.610 11.776 12.082 12.349 12.624 11.822 3.852E+08
 17000. 8.5  0.909 10.317 11.453 11.631 11.951 12.226 12.508 11.676 3.262E+08
 18000. 8.5  0.910 10.068 11.312 11.499 11.830 12.112 12.398 11.544 2.779E+08
 19000. 8.5  0.911  9.832 11.186 11.382 11.725 12.012 12.301 11.427 2.378E+08
 20000. 8.5  0.912  9.608 11.074 11.281 11.634 11.927 12.220 11.325 2.042E+08
 21000. 8.5  0.912  9.395 10.975 11.194 11.558 11.856 12.152 11.236 1.761E+08
 22000. 8.5  0.913  9.192 10.890 11.120 11.494 11.798 12.097 11.161 1.524E+08
 23000. 8.5  0.914  8.998 10.822 11.062 11.444 11.752 12.054 11.102 1.321E+08
 24000. 8.5  0.915  8.813 10.776 11.022 11.410 11.722 12.026 11.062 1.147E+08
 25000. 8.5  0.916  8.634 10.746 10.995 11.387 11.701 12.007 11.034 9.950E+07
 26000. 8.5  0.916  8.463 10.713 10.967 11.364 11.680 11.987 11.006 8.623E+07
 27000. 8.5  0.917  8.298 10.674 10.933 11.335 11.654 11.963 10.972 7.457E+07
 28000. 8.5  0.918  8.139 10.626 10.893 11.301 11.624 11.935 10.930 6.432E+07
 29000. 8.5  0.919  7.986 10.573 10.847 11.263 11.589 11.903 10.883 5.525E+07
 30000. 8.5  0.920  7.838 10.514 10.797 11.221 11.552 11.869 10.833 4.722E+07
 31000. 8.5  0.923  7.692 10.450 10.743 11.174 11.509 11.829 10.777 4.205E+07
 32000. 8.5  0.924  7.553 10.387 10.691 11.129 11.468 11.791 10.722 3.457E+07
 33000. 8.5  0.925  7.418 10.324 10.639 11.083 11.426 11.751 10.668 2.839E+07
 34000. 8.5  0.926  7.287 10.262 10.587 11.038 11.383 11.711 10.614 2.337E+07
 35000. 8.5  0.926  7.160 10.199 10.535 10.992 11.341 11.670 10.560 1.934E+07
 36000. 8.5  0.927  7.037 10.139 10.486 10.948 11.299 11.631 10.508 1.615E+07
 37000. 8.5  0.928  6.917 10.079 10.436 10.904 11.258 11.592 10.456 1.365E+07
 38000. 8.5  0.929  6.800 10.021 10.387 10.860 11.217 11.552 10.404 1.173E+07
 39000. 8.5  0.930  6.686  9.962 10.338 10.816 11.175 11.513 10.353 1.025E+07
 40000. 8.5  0.931  6.575  9.904 10.289 10.772 11.134 11.473 10.302 9.103E+06
  3500. 9.0  1.186 18.142 22.054 19.956 18.681 18.083 17.719 19.467 5.391E+09
  3750. 9.0  1.186 17.843 21.240 19.350 18.213 17.696 17.393 18.960 5.326E+09
  4000. 9.0  1.186 17.562 20.516 18.814 17.801 17.355 17.106 18.506 5.248E+09
  4250. 9.0  1.186 17.299 19.873 18.340 17.438 17.055 16.852 18.100 5.162E+09
  4500. 9.0  1.186 17.051 19.303 17.919 17.115 16.787 16.626 17.734 5.075E+09
  4750. 9.0  1.186 16.816 18.787 17.540 16.827 16.550 16.425 17.401 4.986E+09
  5000. 9.0  1.186 16.593 18.325 17.200 16.569 16.336 16.244 17.099 4.885E+09
  5250. 9.0  1.186 16.381 17.906 16.893 16.337 16.144 16.081 16.823 4.776E+09
  5500. 9.0  1.186 16.179 17.525 16.615 16.127 15.971 15.934 16.570 4.639E+09
  6000. 9.0  1.186 15.801 16.872 16.136 15.765 15.671 15.679 16.128 4.293E+09
  6500. 9.0  1.186 15.453 16.330 15.737 15.462 15.419 15.464 15.753 3.914E+09
  7000. 9.0  1.186 15.131 15.884 15.397 15.197 15.194 15.269 15.428 3.545E+09
  7500. 9.0  1.186 14.832 15.498 15.099 14.963 14.995 15.094 15.140 3.282E+09
  8000. 9.0  1.187 14.551 15.160 14.833 14.752 14.814 14.936 14.881 3.062E+09
  8500. 9.0  1.187 14.288 14.860 14.595 14.560 14.649 14.790 14.647 2.845E+09
  9000. 9.0  1.187 14.040 14.590 14.379 14.386 14.497 14.656 14.434 2.635E+09
  9500. 9.0  1.187 13.805 14.347 14.184 14.228 14.359 14.533 14.241 2.440E+09
 10000. 9.0  1.187 13.582 14.128 14.009 14.087 14.236 14.423 14.067 2.262E+09
 11000. 9.0  1.187 13.168 13.750 13.710 13.847 14.026 14.236 13.767 1.949E+09
 12000. 9.0  1.188 12.790 13.436 13.462 13.650 13.853 14.081 13.516 1.683E+09
 13000. 9.0  1.188 12.442 13.170 13.251 13.481 13.703 13.946 13.301 1.458E+09
 14000. 9.0  1.188 12.120 12.941 13.065 13.330 13.568 13.824 13.113 1.268E+09
 15000. 9.0  1.188 11.820 12.742 12.899 13.190 13.442 13.708 12.943 1.100E+09
 16000. 9.0  1.189 11.539 12.566 12.746 13.057 13.322 13.596 12.788 9.515E+08
 17000. 9.0  1.189 11.276 12.408 12.605 12.930 13.203 13.485 12.645 8.220E+08
 18000. 9.0  1.189 11.027 12.265 12.473 12.810 13.089 13.375 12.513 7.059E+08
 19000. 9.0  1.189 10.792 12.136 12.353 12.700 12.984 13.273 12.392 6.010E+08
 20000. 9.0  1.190 10.569 12.019 12.247 12.603 12.890 13.182 12.284 5.107E+08
 21000. 9.0  1.190 10.357 11.913 12.153 12.519 12.811 13.105 12.189 4.360E+08
 22000. 9.0  1.190 10.155 11.819 12.071 12.446 12.743 13.040 12.105 3.729E+08
 23000. 9.0  1.190  9.961 11.737 12.000 12.384 12.686 12.987 12.032 3.203E+08
 24000. 9.0  1.191  9.776 11.668 11.941 12.334 12.640 12.944 11.972 2.805E+08
 25000. 9.0  1.191  9.599 11.616 11.896 12.295 12.605 12.912 11.927 2.507E+08
 26000. 9.0  1.191  9.428 11.581 11.866 12.270 12.582 12.890 11.896 2.260E+08
 27000. 9.0  1.191  9.264 11.551 11.841 12.248 12.563 12.872 11.870 2.040E+08
 28000. 9.0  1.192  9.106 11.519 11.813 12.225 12.542 12.853 11.842 1.843E+08
 29000. 9.0  1.192  8.953 11.481 11.781 12.197 12.517 12.830 11.809 1.668E+08
 30000. 9.0  1.192  8.806 11.438 11.744 12.166 12.489 12.804 11.771 1.509E+08
 31000. 9.0  1.194  8.662 11.388 11.702 12.130 12.457 12.775 11.727 1.815E+08
 32000. 9.0  1.195  8.523 11.336 11.657 12.093 12.424 12.744 11.682 1.640E+08
 33000. 9.0  1.195  8.389 11.280 11.610 12.052 12.387 12.710 11.633 1.482E+08
 34000. 9.0  1.196  8.259 11.222 11.561 12.010 12.349 12.674 11.583 1.337E+08
 35000. 9.0  1.196  8.133 11.163 11.512 11.967 12.309 12.636 11.531 1.204E+08
 36000. 9.0  1.197  8.010 11.105 11.463 11.924 12.268 12.598 11.480 1.080E+08
 37000. 9.0  1.197  7.890 11.046 11.414 11.880 12.228 12.560 11.429 9.675E+07
 38000. 9.0  1.198  7.774 10.990 11.366 11.838 12.188 12.522 11.379 8.662E+07
 39000. 9.0  1.198  7.661 10.933 11.319 11.796 12.149 12.485 11.330 7.759E+07
 40000. 9.0  1.199  7.551 10.878 11.272 11.754 12.109 12.447 11.281 6.959E+07